

		2018
		june


		6
		khairul		56
		deba		40
		subha		20
		biswa		50
		bidhan		10
		mrinmoy		44


		6
		mess_bazar
		establishe
		massi
		electric
		gas
		garbaze


		78946
		79123
		10


		1		1500		200		0		0		0		0		1		1000		500		0		0		0		100
		2		0		0		0		1200		0		0		2		100		300		0		0		0		0
		3		0		0		0		0		500		0		3		200		0		0		0		0		0
		4		0		0		0		0		0		500		4		230		100		0		0		0		0
		5		0		0		0		0		0		0		5		200		0		0		0		0		0
		6		0		0		0		0		0		0		6		180		0		0		0		0		0
		7		0		0		0		0		0		1000		7		30		0		0		0		0		0
		8		0		0		0		300		0		0		8		80		0		0		0		0		0
		9		0		0		0		0		0		0		9		300		0		0		0		0		0
		10		0		0		0		0		0		0		10		290		0		0		0		0		0
		11		0		0		0		0		0		0		11		340		0		0		0		0		0
		12		0		0		2500		0		0		0		12		120		0		0		0		0		0
		13		0		0		0		0		0		0		13		0		300		0		0		0		0
		14		0		0		0		0		0		0		14		230		0		0		0		0		0
		15		0		0		0		0		0		0		15		0		0		0		0		0		0
		16		0		0		0		0		0		0		16		80		0		0		0		1000		0
		17		0		1500		0		0		0		0		17		160		0		0		0		0		0
		18		0		0		0		0		0		0		18		30		0		0		0		0		0
		19		0		0		0		0		0		0		19		25		0		0		0		0		0
		20		0		0		0		700		0		0		20		300		100		0		0		0		0
		21		0		0		0		0		0		0		21		0		0		0		0		0		0
		22		0		0		0		0		0		0		22		130		0		0		0		0		0
		23		0		0		0		0		1500		0		23		156		200		0		0		0		0
		24		0		0		0		0		0		0		24		0		0		0		0		0		0
		25		0		0		0		0		0		0		25		0		0		0		0		0		0
		26		0		0		0		0		0		0		26		400		0		0		0		0		0
		27		0		0		0		0		0		0		27		50		100		500		0		0		0
		28		0		0		0		0		0		0		28		30		0		0		0		0		0
		29		0		0		0		0		0		0		29		120		0		0		0		0		0
		30		0		0		0		0		0		0		30		40		0		0		0		0		0












y
n
y
2100
y
y
1000
y
100